free_thresh: 0.196
image: cropped.pgm
negate: 0
occupied_thresh: 0.65
origin: [-17.89999999999999, -10.599999999999994, 0.0]
resolution: 0.05
